5
162
1
250
5
81
5
81
132
282
132
282
3
127
3
127
10
306
2
204
2
204
1
210
11
155
11
155
186
249
186
249
1
190
1
190
1
189
84
145
84
145
2
71
2
71
258
375
258
375
142
225
142
225
3
128
3
128
1
375
1
178
1
178
3
218
3
218
1
173
1
173
5
41
5
41
103
144
1
257
9
223
9
223
143
347
143
347
2
126
2
126
1
345
99
415
99
415
4
110
4
110
2
415
1
236
1
236
1
236
195
432
195
432
1
461
1
211
1
211
18
390
18
390
17
386
1
125
1
125
1
203
1
203
14
119
14
119
43
265
43
265
411
609
411
609
84
278
84
278
411
609
411
609
84
278
84
278
555
758
555
758
96
288
96
288
157
221
281
345
213
278
319
590
208
331
208
331
551
592
551
592
424
466
424
466
547
594
143
347
143
347
2
126
2
126
1
345
367
473
367
473
343
473
44
128
183
247
44
128
183
247
2
240
2
240
1
384
44
128
183
247
2
240
2
240
1
384
945
1039
945
1039
1
162
1
1042
2
240
2
240
1
384
945
1039
945
1039
1
162
1
1042
5
328
5
328
5
480
5
328
5
328
5
480
97
238
97
238
2
56
2
56
3
254
2
177
2
177
1
277
1
277
1
325
1
160
1
160
6
317
6
317
600
669
600
669
320
401
320
401
510
573
510
573
407
434
407
434
442
502
442
502
1
669
1
286
1
286
43
211
1
136
9
342
9
342
355
445
355
445
1
449
1
446
1
446
1
446
3
158
3
158
1
356
1
356
1
506
122
438
122
438
1
110
1
110
1
445
65
98
65
98
31
64
31
64
1
30
1
30
1
103
28
137
28
137
156
225
156
225
25
136
2
127
2
127
13
177
13
177
6
218
6
218
6
244
6
154
6
154
1
154
7
318
7
318
1
59
1
59
1
134
1
134
2
103
3
297
4
303
4
303
1
176
1
176
1
176
5
287
5
287
1044
1085
1044
1085
356
790
356
790
863
951
863
951
5
1080
143
347
143
347
2
126
2
126
1
345
5
369
5
369
368
501
368
501
1
500
4
328
4
328
2
480
4
152
4
152
1
328
3
363
3
363
1
362
2
196
2
196
4
180
4
180
1
195
1
191
3
238
3
238
2
234
443
577
443
577
274
410
274
410
53
124
53
124
1
647
5
309
5
309
171
343
171
343
4
160
4
160
350
430
350
430
1
430
1
107
1
323
1
323
1
323
1
62
102
259
102
259
2
62
1
207
1
207
