2611724  641303 642067  n
2611753  640284 640550  n
2611806  641016 642005  n
2611182  1 210  p
2611200  8 259  p
2611206  219 408  p
2611523  10 154  p
2611524  5 379  p
2611528  102 279  p
2611532  16 244  p
2611533  35 208  p
2611557  2 258  p
2611590  1 223  p
23366003  736034 736357  n
2611624  15 429  p
2611250  4 239  p
2611247  35 495  p
2611248  256 472  p
2611241  9 405  p
2611224  7 131  p
2611225  18 223  p
2611652  671285 671675  n
2611653  671433 672248  n
2611656  672242 674071  n
2611657  674543 676819  n
2611694  674854 676635  n
23366004  736034 736357  n
2611320  678395 679825  n
2611451  679825 680577  n
2611460  680574 681749  n
2611461  683770 686913  n
2611471  686487 687968  n
2611473  12 265  p
2611478  11 188  p
2611479  4 328  p
2611495  4 164  p
2611515  1 669  p
2611718  6 294  p
2611740  19 229  p
2611741  139 274  p
2611765  17 465  p
2611775  5 454  p
2611776  13 180  p
2611790  2 507  p
2611725  1 445  p
2611726  13 125  p
2611755  50 274  p
2611773  24 150  p
2611774  4 221  p
2611807  8 297  p
2611146  70 223  p
2611153  20 343  p
2611156  22 81  p
2611171  16 149  p
2611172  1 124  p
2611174  36 337  p
2611197  3 307  p
2611214  8 183  p
2611537  3 1087  p
23366005  736034 736357  n
2611575  4 504  p
2611576  23 502  p
2611265  1 328  p
2611266  13 375  p
2611272  1 198  p
2611684  65 244  p
2611685  86 280  p
2611702  6 246  p
2611432  117 763  p
2611771  9 331  p
2611772  24 453  p
2611769  10 116  p
2611770  6 328  p
2611782  118 185  p
2611562  8 267  p
2611565  2 208  p
2611724  641303 642067  n
2611753  640284 640550  n
2611806  641016 642005  n
